fill 和 memset都是对指定的内存单元进行一次性的赋值，区别如下：
fill是对于指定的单元赋值，而memset是对于每个字节赋值
下述程序可体现区别：
#include<iostream>   
using namespace std;   
int main()   
{   
       int   d[100];   
        fill(d,d+100,1);   
       for(int i=0;i<100;i++)   
           cout<<d[i]<<" ";   
        cout<<endl;   
        memset(d,1,100*sizeof(int));   
       for(int i=0;i<100;i++)   
        cout<<d[i]<<" ";   
        cout<<endl;   
          
        system("pause");   
       return 0;   
} 
运行结果如下：
1 1 1 1 1 1 1 1 1 1 1 1 1 1 1 1 1 1 1 1 1 1 1 1 1 1 1 1 1 1 1 1 1 1 1 1 1 1 1 1 1 1 1 1 1 1 1 1 1 1 1 1   
1 1 1 1 1 1 1 1 1 1 1 1 1 1 1 1 1 1 1 1 1 1 1 1 1 1 1 1 1 1 1 1 1 1 1 1 1 1 1 1 1 1 1 1 1 1 1 1   
16843009 16843009 16843009 16843009 16843009 16843009 16843009 16843009 16843009   
16843009 16843009 16843009 16843009 16843009 16843009 16843009 16843009 16843009   
16843009 16843009 16843009 16843009 16843009 16843009 16843009 16843009 16843009   
16843009 16843009 16843009 16843009 16843009 16843009 16843009 16843009 16843009   
16843009 16843009 16843009 16843009 16843009 16843009 16843009 16843009 16843009   
16843009 16843009 16843009 16843009 16843009 16843009 16843009 16843009 16843009   
16843009 16843009 16843009 16843009 16843009 16843009 16843009 16843009 16843009   
16843009 16843009 16843009 16843009 16843009 16843009 16843009 16843009 16843009   
16843009 16843009 16843009 16843009 16843009 16843009 16843009 16843009 16843009   
16843009 16843009 16843009 16843009 16843009 16843009 16843009 16843009 16843009   
16843009 16843009 16843009 16843009 16843009 16843009 16843009 16843009 16843009   
16843009 
即fill将数组d[]全部赋值为1，符合常规要求
而memset将d[]所在的内存区域每个字节赋值为1，每个int值为4个字节，所以d中每个元素值为(1<<24)+(1<<16)+(1<<8)+1=16843099
同理，如果上述函数要求赋值为2，则fill赋值后输出结果为2，而memest输出结果为(2<<24)+(2<<16)+(2<<8)+2=33686018
